stance_load_threshold                  	0.23187525	0.23191552	0.00033406411	
S11111.tib_ant.KL                      	0.75547133	0.75577561	0.00043920064	
S11111.tib_ant.L0                      	0.52406481	0.52394896	0.00035178536	
S11111.tib_ant.KF                      	0.64697186	0.64704985	0.00027795907	
S11111.soleus.KL                       	0.45879983	0.45972589	0.00066261542	
S11111.soleus.L0                       	0.82336873	0.82349567	0.00042877436	
S11111.soleus.KF                       	0.92187628	0.91963494	0.00097486563	
S11111.gastroc.KL                      	0.63610558	0.63598295	0.00077657719	
S11111.gastroc.L0                      	0.91007329	0.90975453	0.00054643955	
S11111.gastroc.KF                      	0.83746489	0.83557918	0.0011283932	
S11111.tib_ant-soleus.KL               	-0.093044943	-0.09265749	0.00051171099	
S11111.tib_ant-soleus.KF               	-0.99151429	-0.99200089	0.00043957629	
S11111.tib_ant-gastroc.KL              	-0.093359059	-0.093490177	0.00038304772	
S11111.tib_ant-gastroc.KF              	-0.59925092	-0.59883216	0.00049600743	
S11111.soleus-tib_ant.KF               	-0.56984256	-0.56928864	0.00036326612	
S11111.gastroc-tib_ant.KF              	-0.56578057	-0.56559809	0.0003467574	
S00011.vasti.KL                        	1.3652602	1.3662012	0.0015015831	
S00011.vasti.L0                        	0.43936213	0.43955084	0.00018176121	
S00011.vasti.KV                        	0.042795518	0.043032745	0.00024668942	
S00011.vasti.KF                        	0.88098715	0.88131419	0.00043009765	
S00011.vasti-bifemsh.KL                	-0.86645274	-0.86610609	0.00062956526	
S00011.vasti-bifemsh.L0                	0.98514308	0.98540186	0.00025574357	
S00011.vasti-bifemsh.KV                	-0.11835401	-0.11838929	0.00028732483	
S00011.iliopsoas.KL                    	2.1800434	2.1782595	0.0013578949	
S00011.iliopsoas.L0                    	0.85272478	0.85272449	0.00021729996	
S00011.rect_fem.KL                     	0.74600773	0.74214296	0.0022012339	
S00011.rect_fem.L0                     	0.83240603	0.83167807	0.00073020296	
S00011.hamstrings.KL                   	0.871937	0.87367672	0.0013243733	
S00011.hamstrings.L0                   	0.77616792	0.77661081	0.00037375769	
S00011.hamstrings.KV                   	0.18049832	0.18022267	0.00027258747	
S00011.hamstrings-gastroc.KF           	0.24389352	0.24385002	0.001214075	
S00011.hamstrings-gastroc.F0           	0.13003011	0.13043203	0.00028063508	
S00011.bifemsh.KL                      	0.90184826	0.90178445	0.0012888204	
S00011.bifemsh.L0                      	1.114937	1.1137485	0.0011221818	
S00011.bifemsh.KV                      	0.07541911	0.075526177	0.0002735715	
S00011.bifemsh-gastroc.KF              	0.96196515	0.96176643	0.0015234339	
S00011.bifemsh-gastroc.F0              	0.14345485	0.14380244	0.00029212099	
S00011.glut_max.KL                     	0.24584615	0.24534839	0.0020465889	
S00011.glut_max.L0                     	0.81811291	0.81769637	0.0007583987	
S00011.glut_med.KV                     	0.34716103	0.34622527	0.00067730375	
S00011.add_mag.KL                      	1.3847291	1.3845868	0.0010696446	
S00011.add_mag.L0                      	0.73752371	0.73708471	0.0002973902	
S00011.add_mag.KV                      	0.17820499	0.17807151	0.00011358527	
S00011.add_mag-pelvis_list.KP          	-0.53491976	-0.53462872	0.00030767005	
S00011.add_mag-pelvis_list.KV          	-0.031930752	-0.031938897	9.4048091e-05	
S11100.iliopsoas.KL                    	1.0732443	1.0733633	0.00040739719	
S11100.iliopsoas.L0                    	0.65115067	0.65037542	0.00030420103	
S11100.rect_fem.KL                     	0.69712152	0.69659119	0.00085631935	
S11100.rect_fem.L0                     	1.133728	1.1344991	0.0013675867	
S11100.iliopsoas-pelvis_tilt.KP        	0.26808599	0.2669031	0.0019756185	
S11100.iliopsoas-hamstrings.KL         	-2.5237736	-2.5232655	0.00088257426	
S11100.iliopsoas-hamstrings.L0         	0.72489056	0.72507955	0.0002863392	
S11100.hamstrings.KL                   	1.0112844	1.0116577	0.00047821674	
S11100.hamstrings.L0                   	1.2872179	1.2889999	0.001941811	
S11100.hamstrings.KV                   	0.013173022	0.013411421	0.00028316539	
S11100.bifemsh.KF                      	0.12916813	0.12995325	0.00076896292	
S11100.glut_max.KL                     	1.0629018	1.0630608	0.00037586761	
S11100.glut_max.L0                     	1.0861333	1.0862693	0.0003556627	
S11100.glut_med-femur_o.KP             	0.31684453	0.31686529	0.00013645903	
S11100.glut_med-femur_o.KV             	0.10413077	0.10421452	0.00012128928	
S11100.glut_med-femur_o.C0             	-0.026682204	-0.026648516	0.00010444023	
S11100.add_mag-femur_o.KP              	-0.61848953	-0.61793147	0.00060517593	
S11100.add_mag-femur_o.KV              	-0.28348678	-0.2835591	0.00012283142	
S11100.add_mag-femur_o.C0              	-0.0062526603	-0.0062495991	6.6630011e-05	
lumbar_joints.lumbar_extension-torso.P0	-0.10747176	-0.10745881	2.2325421e-05	
lumbar_joints.lumbar_extension-torso.KP	185.30347	185.2425	0.18718653	
lumbar_joints.lumbar_extension-torso.KV	24.496736	24.471382	0.03722522	
lumbar_joints.lumbar_bending-torso.KP  	268.77576	268.29559	0.23279645	
lumbar_joints.lumbar_bending-torso.KV  	6.8278766	6.7941946	0.049696961	
lumbar_joints.lumbar_rotation-torso.KP 	240.82292	240.62678	0.26393454	
lumbar_joints.lumbar_rotation-torso.KV 	44.447978	44.446952	0.046482224	
rect_fem.c                             	0.92649711	0.92529931	0.00079788345	
rect_fem.L0                            	0.87821985	0.87823885	7.9560535e-05	
hamstrings.c                           	1.1350202	1.1344316	0.00077789081	
hamstrings.L0                          	0.9668432	0.96693956	7.9272975e-05	
glut_med.c                             	3.2062157	3.2060117	0.00079751153	
glut_med.L0                            	0.73371289	0.73378773	7.849545e-05	
