stance_load_threshold                  	0.13360763	0.13463424	0.001084738	
S11111.tib_ant.KL                      	0.79326828	0.79677864	0.0013893125	
S11111.tib_ant.L0                      	0.53393966	0.53438462	0.001083136	
S11111.tib_ant.KF                      	0.62731667	0.6264553	0.00088929485	
S11111.soleus.KL                       	0.57592281	0.5768806	0.0021025393	
S11111.soleus.L0                       	0.88602327	0.8858437	0.0013763157	
S11111.soleus.KF                       	0.98113429	0.98316657	0.0030016901	
S11111.gastroc.KL                      	0.71605059	0.71883444	0.0024150559	
S11111.gastroc.L0                      	0.82242499	0.82215667	0.0016519461	
S11111.gastroc.KF                      	0.68326128	0.68602564	0.0036981057	
S11111.tib_ant-soleus.KL               	-0.087192897	-0.087516992	0.0016771433	
S11111.tib_ant-soleus.KF               	-0.91745058	-0.91608542	0.0013212644	
S11111.tib_ant-gastroc.KL              	-0.12413922	-0.12422893	0.0011525418	
S11111.tib_ant-gastroc.KF              	-0.70219733	-0.70178735	0.0015677825	
S11111.soleus-tib_ant.KF               	-0.58605311	-0.58726844	0.0010885433	
S11111.gastroc-tib_ant.KF              	-0.68294695	-0.68373479	0.0010852295	
S00011.vasti.KL                        	1.6745702	1.6732016	0.004354782	
S00011.vasti.L0                        	0.45593064	0.45572865	0.00058150053	
S00011.vasti.KV                        	0.047949466	0.047083116	0.00072948256	
S00011.vasti.KF                        	0.88845984	0.88900838	0.0012948871	
S00011.vasti-bifemsh.KL                	-0.71571589	-0.71788134	0.001980366	
S00011.vasti-bifemsh.L0                	0.91045636	0.91186577	0.00082894876	
S00011.vasti-bifemsh.KV                	-0.16584101	-0.16504899	0.0008734231	
S00011.iliopsoas.KL                    	2.0569408	2.0598923	0.0041349458	
S00011.iliopsoas.L0                    	0.82922788	0.8289239	0.00067985936	
S00011.rect_fem.KL                     	0.32695128	0.3285426	0.0065695026	
S00011.rect_fem.L0                     	1.0715174	1.0693518	0.0022522031	
S00011.hamstrings.KL                   	0.98545337	0.98407209	0.0043947746	
S00011.hamstrings.L0                   	0.84247701	0.84010363	0.001120049	
S00011.hamstrings.KV                   	0.15204957	0.15348041	0.00085221761	
S00011.hamstrings-gastroc.KF           	0.059970866	0.057531164	0.0037260935	
S00011.hamstrings-gastroc.F0           	0.12049943	0.11824386	0.00089800811	
S00011.bifemsh.KL                      	1.1964275	1.1936551	0.0041947441	
S00011.bifemsh.L0                      	0.99843382	0.99626586	0.0032871093	
S00011.bifemsh.KV                      	0.068594561	0.069731496	0.00090075705	
S00011.bifemsh-gastroc.KF              	0.48151546	0.47858854	0.0046422401	
S00011.bifemsh-gastroc.F0              	0.21476521	0.2160334	0.00093610902	
S00011.glut_max.KL                     	0.33838761	0.34470497	0.0065834788	
S00011.glut_max.L0                     	0.77913225	0.77828846	0.0024508738	
S00011.glut_med.KV                     	0.4063833	0.4096734	0.0021838754	
S00011.add_mag.KL                      	1.3937969	1.3943637	0.0032640816	
S00011.add_mag.L0                      	0.69743946	0.69725015	0.00092354469	
S00011.add_mag.KV                      	0.19420779	0.1942051	0.00035818926	
S00011.add_mag-pelvis_list.KP          	-0.52250079	-0.52289169	0.00091722554	
S00011.add_mag-pelvis_list.KV          	-0.022906495	-0.022901389	0.00029173722	
S11100.iliopsoas.KL                    	1.0115223	1.0142106	0.0012827635	
S11100.iliopsoas.L0                    	0.63304139	0.6323182	0.00089971999	
S11100.rect_fem.KL                     	0.60779135	0.6087742	0.0024581164	
S11100.rect_fem.L0                     	1.0405552	1.0372056	0.0041324634	
S11100.iliopsoas-pelvis_tilt.KP        	0.63837876	0.64483639	0.0060311839	
S11100.iliopsoas-hamstrings.KL         	-2.4817498	-2.4807071	0.0026333812	
S11100.iliopsoas-hamstrings.L0         	0.70783038	0.70807918	0.00087641544	
S11100.hamstrings.KL                   	0.68789331	0.6900997	0.0014814317	
S11100.hamstrings.L0                   	1.0679069	1.069305	0.0020208742	
S11100.hamstrings.KV                   	0.0043002135	0.0035136059	0.0008532186	
S11100.bifemsh.KF                      	0.14851998	0.14796302	0.002356718	
S11100.glut_max.KL                     	1.0076018	1.0064892	0.0011477475	
S11100.glut_max.L0                     	1.0262279	1.0254683	0.0011885574	
S11100.glut_med-femur_o.KP             	0.28677277	0.2869932	0.0004376128	
S11100.glut_med-femur_o.KV             	0.13268088	0.13308432	0.00036652034	
S11100.glut_med-femur_o.C0             	-0.039546027	-0.039487656	0.00031207024	
S11100.add_mag-femur_o.KP              	-0.52677323	-0.52734973	0.0018917283	
S11100.add_mag-femur_o.KV              	-0.29661683	-0.29685023	0.00036380968	
S11100.add_mag-femur_o.C0              	-0.00049819372	-0.00044347386	0.00020588097	
lumbar_joints.lumbar_extension-torso.P0	-0.11064615	-0.1107245	7.007946e-05	
lumbar_joints.lumbar_extension-torso.KP	199.1287	199.56254	0.57516615	
lumbar_joints.lumbar_extension-torso.KV	18.876226	19.019368	0.10940663	
lumbar_joints.lumbar_bending-torso.KP  	254.81072	254.06169	0.69280724	
lumbar_joints.lumbar_bending-torso.KV  	5.1712756	5.2540493	0.1498621	
lumbar_joints.lumbar_rotation-torso.KP 	297.01955	296.87573	0.83646625	
lumbar_joints.lumbar_rotation-torso.KV 	44.501916	44.234817	0.14330461	
rect_fem.c                             	0.96664609	0.96218966	0.002603366	
rect_fem.L0                            	0.88649229	0.88697979	0.00024238245	
hamstrings.c                           	1.2753918	1.2744583	0.002429097	
hamstrings.L0                          	0.80955962	0.80992109	0.00024659445	
glut_med.c                             	3.2276394	3.2254177	0.0024468195	
glut_med.L0                            	0.75362393	0.7531323	0.00024952861	
