stance_load_threshold                  	0.22988817	0.22997017	0.0001858081	
S11111.tib_ant.KL                      	0.73539613	0.73569139	0.00024577786	
S11111.tib_ant.L0                      	0.51168402	0.51205287	0.00020879099	
S11111.tib_ant.KF                      	0.64590872	0.64610943	0.00016406491	
S11111.soleus.KL                       	0.4662552	0.46562062	0.0003693849	
S11111.soleus.L0                       	0.81652323	0.81679054	0.00024657294	
S11111.soleus.KF                       	0.92148442	0.92019231	0.0005402835	
S11111.gastroc.KL                      	0.70358898	0.70373655	0.00043431669	
S11111.gastroc.L0                      	0.90710156	0.90752155	0.00030816787	
S11111.gastroc.KF                      	0.83755929	0.83761311	0.00062871598	
S11111.tib_ant-soleus.KL               	-0.09726427	-0.097421882	0.00028660335	
S11111.tib_ant-soleus.KF               	-0.9913979	-0.99149173	0.00025264702	
S11111.tib_ant-gastroc.KL              	-0.082943346	-0.083078996	0.00022080939	
S11111.tib_ant-gastroc.KF              	-0.59766062	-0.59792493	0.00027259077	
S11111.soleus-tib_ant.KF               	-0.57990463	-0.57973494	0.00020171991	
S11111.gastroc-tib_ant.KF              	-0.58374737	-0.58368246	0.00019807494	
S00011.vasti.KL                        	1.3646471	1.3650611	0.00087329748	
S00011.vasti.L0                        	0.44248171	0.44233076	0.00010195994	
S00011.vasti.KV                        	0.051445456	0.051558431	0.00014133344	
S00011.vasti.KF                        	0.88231673	0.88231111	0.00023947989	
S00011.vasti-bifemsh.KL                	-0.83550735	-0.83569215	0.00037204219	
S00011.vasti-bifemsh.L0                	0.98431332	0.98449414	0.00014202054	
S00011.vasti-bifemsh.KV                	-0.12010641	-0.12001854	0.00016743616	
S00011.iliopsoas.KL                    	2.1464801	2.1461207	0.00075284042	
S00011.iliopsoas.L0                    	0.85796829	0.85789666	0.00011921647	
S00011.rect_fem.KL                     	0.78292342	0.78311429	0.001316224	
S00011.rect_fem.L0                     	0.82683877	0.82627641	0.00041595537	
S00011.hamstrings.KL                   	0.90811037	0.90763635	0.00072576972	
S00011.hamstrings.L0                   	0.78724698	0.78732012	0.00020924488	
S00011.hamstrings.KV                   	0.18271518	0.18294086	0.00015502794	
S00011.hamstrings-gastroc.KF           	0.211137	0.21059925	0.00067013592	
S00011.hamstrings-gastroc.F0           	0.13180848	0.13174853	0.00015671975	
S00011.bifemsh.KL                      	0.9180603	0.9178784	0.00072582373	
S00011.bifemsh.L0                      	1.0785934	1.0789761	0.00062041853	
S00011.bifemsh.KV                      	0.086828355	0.086737362	0.00016384987	
S00011.bifemsh-gastroc.KF              	0.967259	0.96717446	0.00086374173	
S00011.bifemsh-gastroc.F0              	0.13063687	0.13051602	0.00016385133	
S00011.glut_max.KL                     	0.25149424	0.25223289	0.0011269658	
S00011.glut_max.L0                     	0.87157532	0.87124357	0.00045796763	
S00011.glut_med.KV                     	0.3414164	0.34116613	0.00037498646	
S00011.add_mag.KL                      	1.3558074	1.3552201	0.00065102813	
S00011.add_mag.L0                      	0.71176259	0.71192733	0.00017496548	
S00011.add_mag.KV                      	0.1779922	0.17812501	6.6292093e-05	
S00011.add_mag-pelvis_list.KP          	-0.52732976	-0.52742994	0.00017319682	
S00011.add_mag-pelvis_list.KV          	-0.026573022	-0.026552997	5.3395712e-05	
S11100.iliopsoas.KL                    	1.0702303	1.0698193	0.00023328622	
S11100.iliopsoas.L0                    	0.65388818	0.65414497	0.00017778134	
S11100.rect_fem.KL                     	0.66496055	0.66537248	0.00047647275	
S11100.rect_fem.L0                     	1.1966847	1.1964909	0.00075639874	
S11100.iliopsoas-pelvis_tilt.KP        	0.27148716	0.27165419	0.0011089796	
S11100.iliopsoas-hamstrings.KL         	-2.549995	-2.5492281	0.00052804729	
S11100.iliopsoas-hamstrings.L0         	0.71660996	0.71650954	0.00016886203	
S11100.hamstrings.KL                   	0.9961808	0.99622757	0.00027019116	
S11100.hamstrings.L0                   	1.2818697	1.283608	0.001066819	
S11100.hamstrings.KV                   	0.026473786	0.026538635	0.00016800046	
S11100.bifemsh.KF                      	0.12915897	0.13004533	0.00043518384	
S11100.glut_max.KL                     	1.0688331	1.0686778	0.00020736592	
S11100.glut_max.L0                     	1.0729381	1.0731158	0.0001937006	
S11100.glut_med-femur_o.KP             	0.32300462	0.32291981	7.8560449e-05	
S11100.glut_med-femur_o.KV             	0.098103594	0.098011884	6.8350723e-05	
S11100.glut_med-femur_o.C0             	-0.029218846	-0.029235985	6.2322161e-05	
S11100.add_mag-femur_o.KP              	-0.62538339	-0.62599486	0.00034969559	
S11100.add_mag-femur_o.KV              	-0.2819249	-0.28189196	6.8815701e-05	
S11100.add_mag-femur_o.C0              	-0.0070163958	-0.0070878104	3.9831821e-05	
lumbar_joints.lumbar_extension-torso.P0	-0.10780226	-0.10781336	1.3094955e-05	
lumbar_joints.lumbar_extension-torso.KP	186.81381	186.86083	0.10411679	
lumbar_joints.lumbar_extension-torso.KV	25.322146	25.317003	0.020721535	
lumbar_joints.lumbar_bending-torso.KP  	255.69	255.55244	0.13007055	
lumbar_joints.lumbar_bending-torso.KV  	5.2432259	5.2482298	0.029117998	
lumbar_joints.lumbar_rotation-torso.KP 	240.78074	240.75118	0.14428876	
lumbar_joints.lumbar_rotation-torso.KV 	42.287192	42.31527	0.026426199	
rect_fem.c                             	0.92981381	0.9293233	0.00045341201	
rect_fem.L0                            	0.87486245	0.87492766	4.498647e-05	
hamstrings.c                           	1.1296999	1.129368	0.00043147731	
hamstrings.L0                          	0.9642402	0.96422971	4.5275821e-05	
glut_med.c                             	3.2015371	3.201874	0.00043308577	
glut_med.L0                            	0.73896689	0.73889407	4.5770893e-05	
