stance_load_threshold                  	0.17023491	0.17024198	4.8795382e-06	
S11111.tib_ant.KL                      	0.81575673	0.81575753	5.8902312e-06	
S11111.tib_ant.L0                      	0.5212468	0.52125226	5.2049367e-06	
S11111.tib_ant.KF                      	0.65651245	0.65651157	4.1941744e-06	
S11111.soleus.KL                       	0.55175489	0.55175976	9.6379481e-06	
S11111.soleus.L0                       	0.91578529	0.91579252	5.9273006e-06	
S11111.soleus.KF                       	1.17402	1.1740062	1.4289877e-05	
S11111.gastroc.KL                      	0.7164664	0.71646231	1.0986043e-05	
S11111.gastroc.L0                      	0.78885344	0.78885137	7.2816817e-06	
S11111.gastroc.KF                      	0.70689131	0.70690354	1.6742564e-05	
S11111.tib_ant-soleus.KL               	-0.13615301	-0.13614927	8.1944972e-06	
S11111.tib_ant-soleus.KF               	-0.87886547	-0.87888311	6.4835938e-06	
S11111.tib_ant-gastroc.KL              	-0.16523041	-0.16522797	5.5201204e-06	
S11111.tib_ant-gastroc.KF              	-0.63029119	-0.63028914	7.5522603e-06	
S11111.soleus-tib_ant.KF               	-0.58669847	-0.58670399	5.2618998e-06	
S11111.gastroc-tib_ant.KF              	-0.67442161	-0.67442063	5.2695323e-06	
S00011.vasti.KL                        	1.6667262	1.6667395	2.119526e-05	
S00011.vasti.L0                        	0.43419179	0.43419441	2.4735646e-06	
S00011.vasti.KV                        	0.06140411	0.061406935	3.1124305e-06	
S00011.vasti.KF                        	0.9012589	0.9012547	6.1387018e-06	
S00011.vasti-bifemsh.KL                	-0.73260208	-0.73260005	7.7822268e-06	
S00011.vasti-bifemsh.L0                	0.8944412	0.89443931	3.6399693e-06	
S00011.vasti-bifemsh.KV                	-0.14411523	-0.14410946	4.3721131e-06	
S00011.iliopsoas.KL                    	1.9424295	1.9424377	1.9876538e-05	
S00011.iliopsoas.L0                    	0.81803797	0.81803512	3.2127636e-06	
S00011.bifemsh.KL                      	1.0374682	1.0375348	2.0147141e-05	
S00011.bifemsh.L0                      	0.77420577	0.77419404	1.579364e-05	
S00011.bifemsh.KV                      	0.017056786	0.017059761	4.4399439e-06	
S00011.bifemsh-gastroc.KF              	0.5651306	0.56514375	2.2661936e-05	
S00011.bifemsh-gastroc.F0              	0.20239213	0.20239687	4.8665032e-06	
S00011.glut_max.KL                     	0.52624865	0.52626143	3.4984736e-05	
S00011.glut_max.L0                     	0.68643609	0.68643124	1.006561e-05	
S00011.glut_med.KV                     	0.17821617	0.17822881	2.4623824e-05	
S00011.add_mag.KL                      	1.3604965	1.3604755	1.6012874e-05	
S00011.add_mag.L0                      	0.68427499	0.68426703	4.0329439e-06	
S00011.add_mag.KV                      	0.1888104	0.1888112	1.6235759e-06	
S00011.add_mag-pelvis_list.KP          	-0.57249116	-0.57248515	3.863919e-06	
S00011.add_mag-pelvis_list.KV          	-0.038500681	-0.038500723	1.3801651e-06	
S11100.iliopsoas.KL                    	1.0506375	1.0506288	5.7229366e-06	
S11100.iliopsoas.L0                    	0.63067673	0.63068407	4.2612336e-06	
S11100.rect_fem.KL                     	0.64753615	0.6475549	1.1859515e-05	
S11100.rect_fem.L0                     	1.0467703	1.0467627	1.9437139e-05	
S11100.iliopsoas-pelvis_tilt.KP        	0.61016736	0.61010147	3.1293422e-05	
S11100.iliopsoas-hamstrings.KL         	-2.5667917	-2.5667985	1.2951081e-05	
S11100.iliopsoas-hamstrings.L0         	0.71629974	0.71629255	4.0860686e-06	
S11100.hamstrings.KL                   	3.9795134	3.9795237	6.7916283e-06	
S11100.hamstrings.L0                   	1.1086938	1.1086955	7.6257613e-06	
S11100.hamstrings.KV                   	0.034217796	0.034217723	3.7329378e-06	
S11100.bifemsh.KF                      	0.18658262	0.18659164	1.1506774e-05	
S11100.glut_max.KL                     	0.9900268	0.99002285	4.9709715e-06	
S11100.glut_max.L0                     	1.0314453	1.031448	5.1830545e-06	
S11100.glut_med-femur_o.KP             	0.2996884	0.2996897	2.166932e-06	
S11100.glut_med-femur_o.KV             	0.15389	0.15388779	1.7316313e-06	
S11100.glut_med-femur_o.C0             	-0.041579471	-0.041576965	1.6074901e-06	
S11100.add_mag-femur_o.KP              	-0.49252962	-0.49250825	9.0848038e-06	
S11100.add_mag-femur_o.KV              	-0.29351283	-0.29351614	1.5456187e-06	
S11100.add_mag-femur_o.C0              	-0.0040892944	-0.0040900686	9.8674761e-07	
lumbar_joints.lumbar_extension-torso.P0	-0.10881	-0.10880991	3.1188943e-07	
lumbar_joints.lumbar_extension-torso.KP	213.38519	213.38085	0.0025295514	
lumbar_joints.lumbar_extension-torso.KV	18.198444	18.199152	0.0005189957	
lumbar_joints.lumbar_bending-torso.KP  	272.21554	272.21443	0.0032806022	
lumbar_joints.lumbar_bending-torso.KV  	6.5481933	6.5479625	0.00067870091	
lumbar_joints.lumbar_rotation-torso.KP 	334.78044	334.77932	0.0037052685	
lumbar_joints.lumbar_rotation-torso.KV 	44.21102	44.211028	0.00067190047	
hamstrings.c                           	1.2875179	1.2875163	1.0981512e-05	
hamstrings.L0                          	0.8029394	0.80293903	1.0355539e-06	
glut_med.c                             	2.7283028	2.728299	2.5819431e-05	
glut_med.L0                            	0.77129487	0.77128649	1.6130369e-05	
glut_max.c                             	2.4380609	2.4366506	0.0015830457	
glut_max.L0                            	0.59478371	0.59499234	0.00016351888	
