stance_load_threshold                             	0.16989224	0.16984637	1.00000000e-03
S11111.tib_ant.KL                                 	0.81789525	0.81773330	1.00000000e-03
S11111.tib_ant.L0                                 	0.52433042	0.52457191	1.00000000e-03
S11111.tib_ant.KF                                 	0.66014319	0.66045086	1.00000000e-03
S11111.soleus.KL                                  	0.55583399	0.55552232	1.00000000e-03
S11111.soleus.L0                                  	0.91875279	0.91892455	1.00000000e-03
S11111.soleus.KF                                  	1.18079310	1.18047730	1.00000000e-03
S11111.gastroc.KL                                 	0.71657194	0.71640090	1.00000000e-03
S11111.gastroc.L0                                 	0.77830109	0.77818529	1.00000000e-03
S11111.gastroc.KF                                 	0.70598826	0.70516791	1.00000000e-03
S11111.tib_ant-soleus.KL                          	-0.14185390	-0.14198248	1.00000000e-03
S11111.tib_ant-soleus.KF                          	-0.87770401	-0.87798946	1.00000000e-03
S11111.tib_ant-gastroc.KL                         	-0.16320059	-0.16338581	1.00000000e-03
S11111.tib_ant-gastroc.KF                         	-0.63113480	-0.63118444	1.00000000e-03
S11111.soleus-tib_ant.KF                          	-0.59178600	-0.59157983	1.00000000e-03
S11111.gastroc-tib_ant.KF                         	-0.67218958	-0.67222252	1.00000000e-03
S00011.vasti.KL                                   	1.66477630	1.66602930	1.00000000e-03
S00011.vasti.L0                                   	0.43385911	0.43392471	1.00000000e-03
S00011.vasti.KV                                   	0.05997953	0.06016899	1.00000000e-03
S00011.vasti.KF                                   	0.89780867	0.89805095	1.00000000e-03
S00011.vasti-bifemsh.KL                           	-0.72851617	-0.72853020	1.00000000e-03
S00011.vasti-bifemsh.L0                           	0.89651519	0.89659664	1.00000000e-03
S00011.vasti-bifemsh.KV                           	-0.14108342	-0.14111937	1.00000000e-03
S00011.iliopsoas.KL                               	1.95098520	1.95095190	1.00000000e-03
S00011.iliopsoas.L0                               	0.81670426	0.81691722	1.00000000e-03
S00011.bifemsh.KL                                 	1.02677260	1.02892940	1.00000000e-03
S00011.bifemsh.L0                                 	0.77160471	0.77201542	1.00000000e-03
S00011.bifemsh.KV                                 	0.01734295	0.01746593	1.00000000e-03
S00011.bifemsh-gastroc.KF                         	0.57017056	0.56953796	1.00000000e-03
S00011.bifemsh-gastroc.F0                         	0.20439179	0.20447524	1.00000000e-03
S00011.glut_max.KL                                	0.54382621	0.54478794	1.00000000e-03
S00011.glut_max.L0                                	0.68382647	0.68394422	1.00000000e-03
S00011.glut_med.KV                                	0.16896694	0.16855784	1.00000000e-03
S00011.add_mag.KL                                 	1.35973960	1.35917260	1.00000000e-03
S00011.add_mag.L0                                 	0.68165360	0.68166592	1.00000000e-03
S00011.add_mag.KV                                 	0.18843284	0.18844309	1.00000000e-03
S00011.add_mag-pelvis_list.KP                     	-0.57512721	-0.57503789	1.00000000e-03
S00011.add_mag-pelvis_list.KV                     	-0.03809470	-0.03808593	1.00000000e-03
S11100.iliopsoas.KL                               	1.05044180	1.05024950	1.00000000e-03
S11100.iliopsoas.L0                               	0.62801688	0.62806730	1.00000000e-03
S11100.rect_fem.KL                                	0.64642231	0.64618914	1.00000000e-03
S11100.rect_fem.L0                                	1.05354040	1.05342240	1.00000000e-03
S11100.iliopsoas-pelvis_tilt.KP                   	0.62142242	0.62217406	1.00000000e-03
S11100.iliopsoas-hamstrings.KL                    	-2.56484860	-2.56555190	1.00000000e-03
S11100.iliopsoas-hamstrings.L0                    	0.71438842	0.71419324	1.00000000e-03
S11100.hamstrings.KL                              	3.97462530	3.97480060	1.00000000e-03
S11100.hamstrings.L0                              	1.10867100	1.10839030	1.00000000e-03
S11100.hamstrings.KV                              	0.03637359	0.03643379	1.00000000e-03
S11100.bifemsh.KF                                 	0.18345679	0.18376002	1.00000000e-03
S11100.glut_max.KL                                	0.99331202	0.99327188	1.00000000e-03
S11100.glut_max.L0                                	1.02928670	1.02937470	1.00000000e-03
S11100.glut_med-femur_o.KP                        	0.29938304	0.29943779	1.00000000e-03
S11100.glut_med-femur_o.KV                        	0.15280650	0.15290371	1.00000000e-03
S11100.glut_med-femur_o.C0                        	-0.04118158	-0.04117121	1.00000000e-03
S11100.add_mag-femur_o.KP                         	-0.49348507	-0.49378660	1.00000000e-03
S11100.add_mag-femur_o.KV                         	-0.29370942	-0.29385795	1.00000000e-03
S11100.add_mag-femur_o.C0                         	-0.00386400	-0.00391060	1.00000000e-03
lumbar_joints.lumbar_extension-torso.P0           	-0.10887349	-0.10887006	1.00000000e-03
lumbar_joints.lumbar_extension-torso.KP           	215.40002000	215.28777000	1.00000000e-03
lumbar_joints.lumbar_extension-torso.KV           	18.16570500	18.16334100	1.00000000e-03
lumbar_joints.lumbar_bending-torso.KP             	271.85099000	271.71255000	1.00000000e-03
lumbar_joints.lumbar_bending-torso.KV             	5.82732650	5.82836100	1.00000000e-03
lumbar_joints.lumbar_rotation-torso.KP            	335.51044000	335.60501000	1.00000000e-03
lumbar_joints.lumbar_rotation-torso.KV            	43.98432600	43.97743400	1.00000000e-03
hamstrings.c                                      	1.29210420	1.29187260	1.00000000e-03
hamstrings.L0                                     	0.80275155	0.80272890	1.00000000e-03
glut_med.c                                        	2.71635270	2.71528870	1.00000000e-03
glut_med.L0                                       	0.78373558	0.78353759	1.00000000e-03
