stance_load_threshold                             	0.16989224	0.16984637	3.39692740e-04
S11111.tib_ant.KL                                 	0.81789525	0.81773330	1.63546660e-03
S11111.tib_ant.L0                                 	0.52433042	0.52457191	1.04914382e-03
S11111.tib_ant.KF                                 	0.66014319	0.66045086	1.32090172e-03
S11111.soleus.KL                                  	0.55583399	0.55552232	1.11104464e-03
S11111.soleus.L0                                  	0.91875279	0.91892455	1.83784910e-03
S11111.soleus.KF                                  	1.18079310	1.18047730	2.36095460e-03
S11111.gastroc.KL                                 	0.71657194	0.71640090	1.43280180e-03
S11111.gastroc.L0                                 	0.77830109	0.77818529	1.55637058e-03
S11111.gastroc.KF                                 	0.70598826	0.70516791	1.41033582e-03
S11111.tib_ant-soleus.KL                          	-0.14185390	-0.14198248	2.83964960e-04
S11111.tib_ant-soleus.KF                          	-0.87770401	-0.87798946	1.75597892e-03
S11111.tib_ant-gastroc.KL                         	-0.16320059	-0.16338581	3.26771620e-04
S11111.tib_ant-gastroc.KF                         	-0.63113480	-0.63118444	1.26236888e-03
S11111.soleus-tib_ant.KF                          	-0.59178600	-0.59157983	1.18315966e-03
S11111.gastroc-tib_ant.KF                         	-0.67218958	-0.67222252	1.34444504e-03
S00011.vasti.KL                                   	1.66477630	1.66602930	3.33205860e-03
S00011.vasti.L0                                   	0.43385911	0.43392471	8.67849420e-04
S00011.vasti.KV                                   	0.05997953	0.06016899	1.20337988e-04
S00011.vasti.KF                                   	0.89780867	0.89805095	1.79610190e-03
S00011.vasti-bifemsh.KL                           	-0.72851617	-0.72853020	1.45706040e-03
S00011.vasti-bifemsh.L0                           	0.89651519	0.89659664	1.79319328e-03
S00011.vasti-bifemsh.KV                           	-0.14108342	-0.14111937	2.82238740e-04
S00011.iliopsoas.KL                               	1.95098520	1.95095190	3.90190380e-03
S00011.iliopsoas.L0                               	0.81670426	0.81691722	1.63383444e-03
S00011.bifemsh.KL                                 	1.02677260	1.02892940	2.05785880e-03
S00011.bifemsh.L0                                 	0.77160471	0.77201542	1.54403084e-03
S00011.bifemsh.KV                                 	0.01734295	0.01746593	3.49318680e-05
S00011.bifemsh-gastroc.KF                         	0.57017056	0.56953796	1.13907592e-03
S00011.bifemsh-gastroc.F0                         	0.20439179	0.20447524	4.08950480e-04
S00011.glut_max.KL                                	0.54382621	0.54478794	1.08957588e-03
S00011.glut_max.L0                                	0.68382647	0.68394422	1.36788844e-03
S00011.glut_med.KV                                	0.16896694	0.16855784	3.37115680e-04
S00011.add_mag.KL                                 	1.35973960	1.35917260	2.71834520e-03
S00011.add_mag.L0                                 	0.68165360	0.68166592	1.36333184e-03
S00011.add_mag.KV                                 	0.18843284	0.18844309	3.76886180e-04
S00011.add_mag-pelvis_list.KP                     	-0.57512721	-0.57503789	1.15007578e-03
S00011.add_mag-pelvis_list.KV                     	-0.03809470	-0.03808593	7.61718520e-05
S11100.iliopsoas.KL                               	1.05044180	1.05024950	2.10049900e-03
S11100.iliopsoas.L0                               	0.62801688	0.62806730	1.25613460e-03
S11100.rect_fem.KL                                	0.64642231	0.64618914	1.29237828e-03
S11100.rect_fem.L0                                	1.05354040	1.05342240	2.10684480e-03
S11100.iliopsoas-pelvis_tilt.KP                   	0.62142242	0.62217406	1.24434812e-03
S11100.iliopsoas-hamstrings.KL                    	-2.56484860	-2.56555190	5.13110380e-03
S11100.iliopsoas-hamstrings.L0                    	0.71438842	0.71419324	1.42838648e-03
S11100.hamstrings.KL                              	3.97462530	3.97480060	7.94960120e-03
S11100.hamstrings.L0                              	1.10867100	1.10839030	2.21678060e-03
S11100.hamstrings.KV                              	0.03637359	0.03643379	7.28675880e-05
S11100.bifemsh.KF                                 	0.18345679	0.18376002	3.67520040e-04
S11100.glut_max.KL                                	0.99331202	0.99327188	1.98654376e-03
S11100.glut_max.L0                                	1.02928670	1.02937470	2.05874940e-03
S11100.glut_med-femur_o.KP                        	0.29938304	0.29943779	5.98875580e-04
S11100.glut_med-femur_o.KV                        	0.15280650	0.15290371	3.05807420e-04
S11100.glut_med-femur_o.C0                        	-0.04118158	-0.04117121	8.23424200e-05
S11100.add_mag-femur_o.KP                         	-0.49348507	-0.49378660	9.87573200e-04
S11100.add_mag-femur_o.KV                         	-0.29370942	-0.29385795	5.87715900e-04
S11100.add_mag-femur_o.C0                         	-0.00386400	-0.00391060	7.82120160e-06
lumbar_joints.lumbar_extension-torso.P0           	-0.10887349	-0.10887006	2.17740120e-04
lumbar_joints.lumbar_extension-torso.KP           	215.40002000	215.28777000	0.43057554
lumbar_joints.lumbar_extension-torso.KV           	18.16570500	18.16334100	0.03632668
lumbar_joints.lumbar_bending-torso.KP             	271.85099000	271.71255000	0.54342510
lumbar_joints.lumbar_bending-torso.KV             	5.82732650	5.82836100	0.01165672
lumbar_joints.lumbar_rotation-torso.KP            	335.51044000	335.60501000	0.67121002
lumbar_joints.lumbar_rotation-torso.KV            	43.98432600	43.97743400	0.08795487
hamstrings.c                                      	1.29210420	1.29187260	2.58374520e-03
hamstrings.L0                                     	0.80275155	0.80272890	1.60545780e-03
glut_med.c                                        	2.71635270	2.71528870	5.43057740e-03
glut_med.L0                                       	0.78373558	0.78353759	1.56707518e-03
