stance_load_threshold	0.17093707	0.17093639	5.2133124e-07
S11111.tib_ant.KL	0.81561461	0.81561557	6.4095605e-07
S11111.tib_ant.L0	0.52148217	0.52148255	5.6119283e-07
S11111.tib_ant.KF	0.65718664	0.65718686	4.8807623e-07
S11111.soleus.KL	0.55015561	0.5501551	1.0272534e-06
S11111.soleus.L0	0.91496756	0.91496812	6.6665366e-07
S11111.soleus.KF	1.1718789	1.1718834	1.5730078e-06
S11111.gastroc.KL	0.71670947	0.71670923	1.182647e-06
S11111.gastroc.L0	0.78791815	0.78792019	8.2634246e-07
S11111.gastroc.KF	0.7087703	0.7087695	1.8885051e-06
S11111.tib_ant-soleus.KL	-0.13666511	-0.13666445	8.937934e-07
S11111.tib_ant-soleus.KF	-0.87947333	-0.87947322	6.691271e-07
S11111.tib_ant-gastroc.KL	-0.16574168	-0.16574203	5.7169364e-07
S11111.tib_ant-gastroc.KF	-0.63178695	-0.63178794	7.5686999e-07
S11111.soleus-tib_ant.KF	-0.58619548	-0.58619541	5.3435305e-07
S11111.gastroc-tib_ant.KF	-0.67316946	-0.67316944	5.8808395e-07
S00011.vasti.KL	1.6664246	1.6664209	2.2698242e-06
S00011.vasti.L0	0.43425327	0.43425377	2.8373245e-07
S00011.vasti.KV	0.061592271	0.061591962	3.2123491e-07
S00011.vasti.KF	0.90269487	0.90269474	6.4451916e-07
S00011.vasti-bifemsh.KL	-0.7333431	-0.73334293	8.9505496e-07
S00011.vasti-bifemsh.L0	0.89385192	0.89385224	3.8732485e-07
S00011.vasti-bifemsh.KV	-0.14354123	-0.14354178	4.8008532e-07
S00011.iliopsoas.KL	1.9486949	1.9486969	2.1655362e-06
S00011.iliopsoas.L0	0.81805243	0.81805249	3.3227095e-07
S00011.bifemsh.KL	1.0436724	1.0436718	2.1402738e-06
S00011.bifemsh.L0	0.77549478	0.77549505	1.6740362e-06
S00011.bifemsh.KV	0.017830119	0.017830076	4.7560582e-07
S00011.bifemsh-gastroc.KF	0.56327344	0.56327516	2.3026436e-06
S00011.bifemsh-gastroc.F0	0.20248348	0.20248364	5.2364061e-07
S00011.glut_med.KV	0.18205714	0.18205886	2.480266e-06
S00011.add_mag.KL	1.3625682	1.362567	1.6894449e-06
S00011.add_mag.L0	0.68398096	0.68398118	4.5542045e-07
S00011.add_mag.KV	0.18895444	0.1889546	1.9031135e-07
S00011.add_mag-pelvis_list.KP	-0.57180373	-0.5718044	4.4986376e-07
S00011.add_mag-pelvis_list.KV	-0.038424819	-0.038425055	1.42532e-07
S11100.iliopsoas.KL	1.0498794	1.0498793	6.8344133e-07
S11100.iliopsoas.L0	0.63072564	0.6307259	4.4984586e-07
S11100.rect_fem.KL	0.64831961	0.64832039	1.2200867e-06
S11100.rect_fem.L0	1.0440208	1.0440218	1.9907686e-06
S11100.iliopsoas-pelvis_tilt.KP	0.60277299	0.60277379	3.2981615e-06
S11100.iliopsoas-hamstrings.KL	-2.566218	-2.5662187	1.3755097e-06
S11100.iliopsoas-hamstrings.L0	0.7167435	0.71674407	4.4540301e-07
S11100.hamstrings.KL	3.9800429	3.9800429	7.1013337e-07
S11100.hamstrings.L0	1.1075998	1.1076002	7.9514364e-07
S11100.hamstrings.KV	0.033332779	0.033332677	4.0706331e-07
S11100.bifemsh.KF	0.18545247	0.18545225	1.1708929e-06
S11100.glut_max.KL	0.98974335	0.98974337	5.6652833e-07
S11100.glut_max.L0	1.0324802	1.0324803	5.5769006e-07
S11100.glut_med-femur_o.KP	0.29982539	0.29982524	2.4886674e-07
S11100.glut_med-femur_o.KV	0.15383127	0.15383137	1.9926524e-07
S11100.glut_med-femur_o.C0	-0.041689951	-0.041689911	1.6341131e-07
S11100.add_mag-femur_o.KP	-0.49116114	-0.49116244	9.6498586e-07
S11100.add_mag-femur_o.KV	-0.29343892	-0.29343888	1.7189344e-07
S11100.add_mag-femur_o.C0	-0.0040558959	-0.0040560118	1.0504534e-07
lumbar_joints.lumbar_extension-torso.P0	-0.10872704	-0.10872702	3.6417508e-08
lumbar_joints.lumbar_extension-torso.KP	213.45508	213.45466	0.00027422437
lumbar_joints.lumbar_extension-torso.KV	18.199516	18.199612	5.0517244e-05
lumbar_joints.lumbar_bending-torso.KP	272.07012	272.07002	0.0003383318
lumbar_joints.lumbar_bending-torso.KV	6.4660093	6.466008	7.3157674e-05
lumbar_joints.lumbar_rotation-torso.KP	335.23128	335.23189	0.000411372
lumbar_joints.lumbar_rotation-torso.KV	44.310649	44.310538	7.0967365e-05
hamstrings.c	1.2848217	1.2848216	1.1878255e-06
hamstrings.L0	0.80293485	0.80293472	1.1909459e-07
glut_med.c	2.737825	2.7378192	2.6661173e-06
glut_med.L0	0.77405735	0.77405408	1.7119317e-06
glut_max.c	2.499122	2.4991304	3.9198576e-05
glut_max.L0	0.705607	0.70558288	4.1208337e-05
