stance_load_threshold                  	0.20931303	0.20759132	0.001328677	
S11111.tib_ant.KL                      	0.71670827	0.71659875	0.0017847312	
S11111.tib_ant.L0                      	0.53636045	0.53784805	0.0015704689	
S11111.tib_ant.KF                      	0.63950636	0.6398167	0.0011958496	
S11111.soleus.KL                       	0.51159701	0.51212841	0.002679519	
S11111.soleus.L0                       	0.83805693	0.83739929	0.0018157186	
S11111.soleus.KF                       	0.92770973	0.9152637	0.0041053796	
S11111.gastroc.KL                      	0.69114083	0.6936364	0.0032621053	
S11111.gastroc.L0                      	0.91715704	0.9163033	0.0021292368	
S11111.gastroc.KF                      	0.90634055	0.91343765	0.0044936856	
S11111.tib_ant-soleus.KL               	-0.11907067	-0.11677922	0.0021119172	
S11111.tib_ant-soleus.KF               	-0.97281081	-0.97305935	0.0018276709	
S11111.tib_ant-gastroc.KL              	-0.098109956	-0.096886883	0.0016410806	
S11111.tib_ant-gastroc.KF              	-0.59878148	-0.59850343	0.001996867	
S11111.soleus-tib_ant.KF               	-0.62498353	-0.62567195	0.0014715777	
S11111.gastroc-tib_ant.KF              	-0.63902504	-0.63847549	0.0014203334	
S00011.vasti.KL                        	1.3354328	1.3498646	0.0063589209	
S00011.vasti.L0                        	0.44110447	0.44118336	0.00076138162	
S00011.vasti.KV                        	0.046230085	0.04773767	0.0010602367	
S00011.vasti.KF                        	0.91014377	0.91101238	0.0017505305	
S00011.vasti-bifemsh.KL                	-0.85424219	-0.85489178	0.0027874982	
S00011.vasti-bifemsh.L0                	0.99757768	0.9966988	0.0010541048	
S00011.vasti-bifemsh.KV                	-0.143858	-0.14333665	0.0012315847	
S00011.iliopsoas.KL                    	2.098199	2.095829	0.0055684383	
S00011.iliopsoas.L0                    	0.84684893	0.84597123	0.00083112703	
S00011.rect_fem.KL                     	0.72351255	0.72835323	0.009506836	
S00011.rect_fem.L0                     	0.81246462	0.80522592	0.0030373774	
S00011.hamstrings.KL                   	0.95894374	0.96925558	0.0051448573	
S00011.hamstrings.L0                   	0.81384803	0.81461668	0.0014665188	
S00011.hamstrings.KV                   	0.18531067	0.18590253	0.0011315372	
S00011.hamstrings-gastroc.KF           	0.26878246	0.27149427	0.0048237266	
S00011.hamstrings-gastroc.F0           	0.10711305	0.10721494	0.0011563718	
S00011.bifemsh.KL                      	1.0839985	1.0734505	0.0053613244	
S00011.bifemsh.L0                      	1.1704385	1.1739719	0.0046008986	
S00011.bifemsh.KV                      	0.082136973	0.081123593	0.0012110482	
S00011.bifemsh-gastroc.KF              	0.99995249	0.99641405	0.0061417685	
S00011.bifemsh-gastroc.F0              	0.12156398	0.12120475	0.0012487367	
S00011.glut_max.KL                     	0.34494439	0.35202138	0.0081091325	
S00011.glut_max.L0                     	0.74542502	0.74817845	0.0034281202	
S00011.glut_med.KV                     	0.40988165	0.40893402	0.0027599598	
S00011.add_mag.KL                      	1.404442	1.4043193	0.0049730978	
S00011.add_mag.L0                      	0.72174817	0.72121127	0.0012765463	
S00011.add_mag.KV                      	0.17775281	0.17769505	0.00048215339	
S00011.add_mag-pelvis_list.KP          	-0.5472358	-0.5487305	0.0012879465	
S00011.add_mag-pelvis_list.KV          	-0.030658315	-0.030486948	0.00039022575	
S11100.iliopsoas.KL                    	1.0941924	1.0940877	0.0016407037	
S11100.iliopsoas.L0                    	0.67998457	0.68105662	0.0013201703	
S11100.rect_fem.KL                     	0.57463564	0.57289695	0.0034901556	
S11100.rect_fem.L0                     	1.2368502	1.2405666	0.0057031085	
S11100.iliopsoas-pelvis_tilt.KP        	0.47457408	0.46002628	0.0081329596	
S11100.iliopsoas-hamstrings.KL         	-2.4685196	-2.4759681	0.0039086571	
S11100.iliopsoas-hamstrings.L0         	0.73845888	0.73960751	0.0012033266	
S11100.hamstrings.KL                   	1.0207042	1.0198788	0.0019297571	
S11100.hamstrings.L0                   	1.5070089	1.497077	0.0080111118	
S11100.hamstrings.KV                   	0.038456348	0.039389916	0.0012272045	
S11100.bifemsh.KF                      	0.14244656	0.14009519	0.0032233823	
S11100.glut_max.KL                     	1.0770241	1.0773418	0.001526376	
S11100.glut_max.L0                     	1.0822917	1.0850042	0.0014234906	
S11100.glut_med-femur_o.KP             	0.31357781	0.31399272	0.00057242484	
S11100.glut_med-femur_o.KV             	0.11464142	0.11408163	0.00050296289	
S11100.glut_med-femur_o.C0             	-0.035594939	-0.035685102	0.00046451261	
S11100.add_mag-femur_o.KP              	-0.67050048	-0.6692819	0.0025801221	
S11100.add_mag-femur_o.KV              	-0.28173811	-0.28102614	0.00049226718	
S11100.add_mag-femur_o.C0              	-0.0076834851	-0.0078207976	0.00028708856	
lumbar_joints.lumbar_extension-torso.P0	-0.10295201	-0.10289754	9.6648658e-05	
lumbar_joints.lumbar_extension-torso.KP	178.92142	178.37299	0.76765222	
lumbar_joints.lumbar_extension-torso.KV	21.790046	21.65951	0.15321592	
lumbar_joints.lumbar_bending-torso.KP  	252.54891	252.65554	0.95672987	
lumbar_joints.lumbar_bending-torso.KV  	5.1202562	5.2418696	0.2136879	
lumbar_joints.lumbar_rotation-torso.KP 	254.28359	253.9178	1.0695311	
lumbar_joints.lumbar_rotation-torso.KV 	38.943945	38.633304	0.1881772	
rect_fem.c                             	0.90769145	0.90505354	0.0034030409	
rect_fem.L0                            	0.87885475	0.87874821	0.00033403518	
hamstrings.c                           	1.0933843	1.0936177	0.0030123051	
hamstrings.L0                          	0.96623975	0.96630585	0.00033468391	
glut_med.c                             	3.238655	3.2395461	0.0031262724	
glut_med.L0                            	0.7439523	0.74368077	0.0003320542	