stance_load_threshold                             	0.22369576	0.22503712	1.00000000e-03
S11111.tib_ant.KL                                 	0.77399207	0.77401809	1.00000000e-03
S11111.tib_ant.L0                                 	0.54075102	0.54063119	1.00000000e-03
S11111.tib_ant.KF                                 	0.66877476	0.66988259	1.00000000e-03
S11111.soleus.KL                                  	0.51146925	0.51190078	1.00000000e-03
S11111.soleus.L0                                  	0.83324666	0.82974259	1.00000000e-03
S11111.soleus.KF                                  	0.90786605	0.90936973	1.00000000e-03
S11111.gastroc.KL                                 	0.60262295	0.60369858	1.00000000e-03
S11111.gastroc.L0                                 	0.79020609	0.79299361	1.00000000e-03
S11111.gastroc.KF                                 	0.93237697	0.93418153	1.00000000e-03
S11111.tib_ant-soleus.KL                          	-0.14353339	-0.13894146	1.00000000e-03
S11111.tib_ant-soleus.KF                          	-0.98467660	-0.98504974	1.00000000e-03
S11111.tib_ant-gastroc.KL                         	-0.07105150	-0.07045878	1.00000000e-03
S11111.tib_ant-gastroc.KF                         	-0.65462380	-0.65650123	1.00000000e-03
S11111.soleus-tib_ant.KF                          	-0.56085237	-0.56138647	1.00000000e-03
S11111.gastroc-tib_ant.KF                         	-0.62939933	-0.62976638	1.00000000e-03
S00011.vasti.KL                                   	1.47719790	1.48515440	1.00000000e-03
S00011.vasti.L0                                   	0.44768533	0.44859414	1.00000000e-03
S00011.vasti.KV                                   	0.05292740	0.05243044	1.00000000e-03
S00011.vasti.KF                                   	0.90230943	0.90373991	1.00000000e-03
S00011.vasti-bifemsh.KL                           	-0.83677663	-0.84084355	1.00000000e-03
S00011.vasti-bifemsh.L0                           	0.99604201	0.99607402	1.00000000e-03
S00011.vasti-bifemsh.KV                           	-0.12342024	-0.12440344	1.00000000e-03
S00011.iliopsoas.KL                               	2.07824020	2.08229090	1.00000000e-03
S00011.iliopsoas.L0                               	0.83138160	0.83315755	1.00000000e-03
S00011.rect_fem.KL                                	0.27569969	0.26226922	1.00000000e-03
S00011.rect_fem.L0                                	0.91610543	0.91072892	1.00000000e-03
S00011.hamstrings.KL                              	1.08656600	1.08994540	1.00000000e-03
S00011.hamstrings.L0                              	0.80748849	0.80636256	1.00000000e-03
S00011.hamstrings.KV                              	0.19988849	0.20055283	1.00000000e-03
S00011.hamstrings-gastroc.KF                      	0.26703732	0.27103065	1.00000000e-03
S00011.hamstrings-gastroc.F0                      	0.16503578	0.16318286	1.00000000e-03
S00011.bifemsh.KL                                 	0.98930641	0.99551884	1.00000000e-03
S00011.bifemsh.L0                                 	1.12070650	1.11328760	1.00000000e-03
S00011.bifemsh.KV                                 	0.06852351	0.06658858	1.00000000e-03
S00011.bifemsh-gastroc.KF                         	0.70950360	0.70608304	1.00000000e-03
S00011.bifemsh-gastroc.F0                         	0.16345292	0.16236263	1.00000000e-03
S00011.glut_max.KL                                	0.29073620	0.28972175	1.00000000e-03
S00011.glut_max.L0                                	0.89815362	0.89774580	1.00000000e-03
S00011.glut_med.KV                                	0.35650059	0.36017397	1.00000000e-03
S00011.add_mag.KL                                 	1.25152520	1.25763490	1.00000000e-03
S00011.add_mag.L0                                 	0.71243065	0.71414928	1.00000000e-03
S00011.add_mag.KV                                 	0.18473143	0.18470322	1.00000000e-03
S00011.add_mag-pelvis_list.KP                     	-0.59264991	-0.59267530	1.00000000e-03
S00011.add_mag-pelvis_list.KV                     	-0.02282096	-0.02250019	1.00000000e-03
S11100.iliopsoas.KL                               	1.06120410	1.05878030	1.00000000e-03
S11100.iliopsoas.L0                               	0.62951333	0.62889473	1.00000000e-03
S11100.rect_fem.KL                                	0.45320960	0.46052295	1.00000000e-03
S11100.rect_fem.L0                                	1.08034070	1.09006120	1.00000000e-03
S11100.iliopsoas-pelvis_tilt.KP                   	0.42400787	0.41795307	1.00000000e-03
S11100.iliopsoas-hamstrings.KL                    	-2.59148530	-2.59446170	1.00000000e-03
S11100.iliopsoas-hamstrings.L0                    	0.72526671	0.72403361	1.00000000e-03
S11100.hamstrings.KL                              	0.72430258	0.72328157	1.00000000e-03
S11100.hamstrings.L0                              	1.02823360	1.02234480	1.00000000e-03
S11100.hamstrings.KV                              	0.00329642	0.00263075	1.00000000e-03
S11100.bifemsh.KF                                 	0.06848674	0.06745682	1.00000000e-03
S11100.glut_max.KL                                	1.06903840	1.06871260	1.00000000e-03
S11100.glut_max.L0                                	1.01163820	1.01168230	1.00000000e-03
S11100.glut_med-femur_o.KP                        	0.32948274	0.32993441	1.00000000e-03
S11100.glut_med-femur_o.KV                        	0.11513493	0.11633301	1.00000000e-03
S11100.glut_med-femur_o.C0                        	-0.03337584	-0.03406154	1.00000000e-03
S11100.add_mag-femur_o.KP                         	-0.62294411	-0.62527782	1.00000000e-03
S11100.add_mag-femur_o.KV                         	-0.29816430	-0.29823075	1.00000000e-03
S11100.add_mag-femur_o.C0                         	-0.00462977	-0.00476172	1.00000000e-03
lumbar_joints.lumbar_extension-torso.P0           	-0.10698856	-0.10691990	1.00000000e-03
lumbar_joints.lumbar_extension-torso.KP           	187.39652000	188.12916000	1.00000000e-03
lumbar_joints.lumbar_extension-torso.KV           	21.19411900	21.02468800	1.00000000e-03
lumbar_joints.lumbar_bending-torso.KP             	231.96963000	231.81196000	1.00000000e-03
lumbar_joints.lumbar_bending-torso.KV             	19.50035800	19.71597300	1.00000000e-03
lumbar_joints.lumbar_rotation-torso.KP            	277.05664000	278.82775000	1.00000000e-03
lumbar_joints.lumbar_rotation-torso.KV            	41.60842500	41.60632000	1.00000000e-03
rect_fem.c                                        	0.72735999	0.72666100	1.00000000e-03
rect_fem.L0                                       	0.88145977	0.88163478	1.00000000e-03
hamstrings.c                                      	1.18884730	1.17864100	1.00000000e-03
hamstrings.L0                                     	0.90039917	0.90023561	1.00000000e-03
glut_med.c                                        	3.17094490	3.17100100	1.00000000e-03
glut_med.L0                                       	0.74473509	0.74428909	1.00000000e-03
