stance_load_threshold                             	0.21467534	0.21316797	1.00000000e-03
S11111.tib_ant.KL                                 	0.78110373	0.78171121	1.00000000e-03
S11111.tib_ant.L0                                 	0.51570473	0.51514808	1.00000000e-03
S11111.tib_ant.KF                                 	0.66893277	0.66866801	1.00000000e-03
S11111.soleus.KL                                  	0.49992224	0.49878841	1.00000000e-03
S11111.soleus.L0                                  	0.83785149	0.83798230	1.00000000e-03
S11111.soleus.KF                                  	0.89024121	0.88825339	1.00000000e-03
S11111.gastroc.KL                                 	0.63398431	0.63578184	1.00000000e-03
S11111.gastroc.L0                                 	0.84477455	0.84821277	1.00000000e-03
S11111.gastroc.KF                                 	0.82730631	0.82991290	1.00000000e-03
S11111.tib_ant-soleus.KL                          	-0.10604828	-0.10587340	1.00000000e-03
S11111.tib_ant-soleus.KF                          	-0.99655585	-0.99873390	1.00000000e-03
S11111.tib_ant-gastroc.KL                         	-0.08872710	-0.08893723	1.00000000e-03
S11111.tib_ant-gastroc.KF                         	-0.64277318	-0.64250642	1.00000000e-03
S11111.soleus-tib_ant.KF                          	-0.58589628	-0.58392762	1.00000000e-03
S11111.gastroc-tib_ant.KF                         	-0.65225225	-0.65164076	1.00000000e-03
S00011.vasti.KL                                   	1.46058790	1.46095690	1.00000000e-03
S00011.vasti.L0                                   	0.45236868	0.45270293	1.00000000e-03
S00011.vasti.KV                                   	0.01954514	0.01985920	1.00000000e-03
S00011.vasti.KF                                   	0.92042808	0.92139273	1.00000000e-03
S00011.vasti-bifemsh.KL                           	-0.85460968	-0.85184151	1.00000000e-03
S00011.vasti-bifemsh.L0                           	0.97195687	0.97223870	1.00000000e-03
S00011.vasti-bifemsh.KV                           	-0.13817371	-0.13883437	1.00000000e-03
S00011.iliopsoas.KL                               	2.05366080	2.05286980	1.00000000e-03
S00011.iliopsoas.L0                               	0.85935231	0.85914617	1.00000000e-03
S00011.rect_fem.KL                                	0.50497151	0.50668706	1.00000000e-03
S00011.rect_fem.L0                                	0.94260624	0.94454467	1.00000000e-03
S00011.hamstrings.KL                              	1.05061200	1.04500420	1.00000000e-03
S00011.hamstrings.L0                              	0.81534459	0.81547303	1.00000000e-03
S00011.hamstrings.KV                              	0.21102006	0.21109910	1.00000000e-03
S00011.hamstrings-gastroc.KF                      	0.19526078	0.19557184	1.00000000e-03
S00011.hamstrings-gastroc.F0                      	0.15303653	0.15418312	1.00000000e-03
S00011.bifemsh.KL                                 	1.04702830	1.05275780	1.00000000e-03
S00011.bifemsh.L0                                 	1.10235890	1.10459930	1.00000000e-03
S00011.bifemsh.KV                                 	0.06537158	0.06590469	1.00000000e-03
S00011.bifemsh-gastroc.KF                         	0.74191786	0.74474058	1.00000000e-03
S00011.bifemsh-gastroc.F0                         	0.15857331	0.15862653	1.00000000e-03
S00011.glut_max.KL                                	0.21654920	0.22476668	1.00000000e-03
S00011.glut_max.L0                                	0.84957174	0.85142405	1.00000000e-03
S00011.hamstrings-pelvis_tilt.KP                  	0.86550209	0.86540882	1.00000000e-03
S00011.rect_fem-pelvis_tilt.KP                    	-1.49306510	-1.49546870	1.00000000e-03
S00011.glut_med.KL                                	1.69617890	1.69760040	1.00000000e-03
S00011.glut_med.L0                                	0.53956226	0.53948810	1.00000000e-03
S00011.glut_med.KV                                	0.39723845	0.39520410	1.00000000e-03
S00011.add_mag.KL                                 	1.29347870	1.29325620	1.00000000e-03
S00011.add_mag.L0                                 	0.71344917	0.71391963	1.00000000e-03
S00011.add_mag.KV                                 	0.18668512	0.18637027	1.00000000e-03
S00011.glut_med-pelvis_list.KP                    	1.08855990	1.09932490	1.00000000e-03
S00011.glut_med-pelvis_list.KV                    	0.01304858	0.01305170	1.00000000e-03
S00011.add_mag-pelvis_list.KP                     	-0.55755550	-0.55849064	1.00000000e-03
S00011.add_mag-pelvis_list.KV                     	-0.02557966	-0.02538560	1.00000000e-03
S11100.iliopsoas.KL                               	1.05041470	1.04997460	1.00000000e-03
S11100.iliopsoas.L0                               	0.66595497	0.66635167	1.00000000e-03
S11100.rect_fem.KL                                	0.51467549	0.51636243	1.00000000e-03
S11100.rect_fem.L0                                	1.89167900	1.89230890	1.00000000e-03
S11100.iliopsoas-pelvis_tilt.KP                   	0.45069825	0.44801739	1.00000000e-03
S11100.iliopsoas-hamstrings.KL                    	-2.58318950	-2.57966560	1.00000000e-03
S11100.iliopsoas-hamstrings.L0                    	0.71812400	0.71832065	1.00000000e-03
S11100.hamstrings.KL                              	0.72230516	0.72343568	1.00000000e-03
S11100.hamstrings.L0                              	1.17043810	1.17184490	1.00000000e-03
S11100.hamstrings.KV                              	0.00139038	0.00088749	1.00000000e-03
S11100.bifemsh.KL                                 	0.48025074	0.47878476	1.00000000e-03
S11100.bifemsh.L0                                 	1.51722420	1.52069160	1.00000000e-03
S11100.bifemsh.KV                                 	0.02722502	0.02703174	1.00000000e-03
S11100.glut_max.KL                                	1.06380870	1.06339020	1.00000000e-03
S11100.glut_max.L0                                	1.03743750	1.03940670	1.00000000e-03
S11100.glut_med-femur_o.KP                        	0.31793414	0.31840832	1.00000000e-03
S11100.glut_med-femur_o.KV                        	0.12111037	0.12096297	1.00000000e-03
S11100.glut_med-femur_o.C0                        	-0.03487531	-0.03493191	1.00000000e-03
S11100.add_mag-femur_o.KP                         	-0.61772208	-0.61999097	1.00000000e-03
S11100.add_mag-femur_o.KV                         	-0.29375878	-0.29368822	1.00000000e-03
S11100.add_mag-femur_o.C0                         	-0.00375530	-0.00376139	1.00000000e-03
lumbar_joints.lumbar_extension-torso.P0           	-0.10873392	-0.10869902	1.00000000e-03
lumbar_joints.lumbar_extension-torso.KP           	183.33548000	182.99253000	1.00000000e-03
lumbar_joints.lumbar_extension-torso.KV           	21.00307300	21.07470700	1.00000000e-03
lumbar_joints.lumbar_bending-torso.KP             	225.48328000	225.01157000	1.00000000e-03
lumbar_joints.lumbar_bending-torso.KV             	17.12105100	17.03623600	1.00000000e-03
lumbar_joints.lumbar_rotation-torso.KP            	254.69935000	254.16247000	1.00000000e-03
lumbar_joints.lumbar_rotation-torso.KV            	40.97008100	41.00887200	1.00000000e-03
