pelvis_tilt.offset                     	-0.00036983177	0.0012678122	0.0095804158	
pelvis_list.offset                     	-0.0037776106	0.0014313208	0.0095806306	
pelvis_rotation.offset                 	-0.0066910049	-0.001750652	0.0095803162	
hip_flexion_r.offset                   	0.0065058082	-0.004691225	0.0095823211	
hip_adduction_r.offset                 	-0.0044951075	0.0084584453	0.009585047	
hip_rotation_r.offset                  	0.011403767	0.01033013	0.0095837318	
knee_angle_r.offset                    	-0.0042813005	0.002974132	0.0095823282	
ankle_angle_r.offset                   	-0.015476602	0.0035371474	0.0095830361	
hip_flexion_l.offset                   	0.014696442	-0.00017913363	0.0095791271	
hip_adduction_l.offset                 	-0.016024303	-0.0082335751	0.00958153	
hip_rotation_l.offset                  	-0.019674208	0.0015580968	0.0095822228	
knee_angle_l.offset                    	0.0019036358	-0.0046422696	0.0095822493	
ankle_angle_l.offset                   	-0.010773468	6.1499998e-05	0.0095833153	
lumbar_extension.offset                	-0.015187567	0.00012502627	0.0095792079	
lumbar_bending.offset                  	0.0093598094	-0.0019078511	0.0095805914	
lumbar_rotation.offset                 	0.00093934148	0.010468256	0.0095870132	
stance_load_threshold                  	0.2250839	0.22671314	0.0010905365	
S11111.tib_ant.KL                      	0.70307309	0.7049388	0.0014737845	
S11111.tib_ant.L0                      	0.50985275	0.51079495	0.0013064651	
S11111.tib_ant.KF                      	0.64927894	0.64883474	0.00096947191	
S11111.soleus.KL                       	0.47329596	0.47346982	0.0021685828	
S11111.soleus.L0                       	0.82168266	0.82141723	0.001490645	
S11111.soleus.KF                       	0.85855355	0.85829881	0.0033407436	
S11111.gastroc.KL                      	0.67797094	0.67514417	0.0026188256	
S11111.gastroc.L0                      	0.898452	0.89773643	0.0017792117	
S11111.gastroc.KF                      	0.89266074	0.8958949	0.003727795	
S11111.tib_ant-soleus.KL               	-0.11413661	-0.11375154	0.0017331192	
S11111.tib_ant-soleus.KF               	-0.99481171	-0.99482137	0.0014783408	
S11111.tib_ant-gastroc.KL              	-0.085600974	-0.082931307	0.0013129323	
S11111.tib_ant-gastroc.KF              	-0.60930874	-0.60642674	0.0016039804	
S11111.soleus-tib_ant.KF               	-0.60861032	-0.6093851	0.0012052994	
S11111.gastroc-tib_ant.KF              	-0.59067676	-0.59177049	0.0011597625	
S00011.vasti.KL                        	1.4180619	1.4206933	0.0052426475	
S00011.vasti.L0                        	0.44487804	0.44619366	0.00062188949	
S00011.vasti.KV                        	0.050529208	0.050479253	0.0008586024	
S00011.vasti.KF                        	0.88555168	0.88454321	0.0014280563	
S00011.vasti-bifemsh.KL                	-0.85860437	-0.85393008	0.0022831338	
S00011.vasti-bifemsh.L0                	0.99947785	0.99927094	0.00086423545	
S00011.vasti-bifemsh.KV                	-0.12956859	-0.12731847	0.0010065501	
S00011.iliopsoas.KL                    	2.1618811	2.1639808	0.0044541183	
S00011.iliopsoas.L0                    	0.86077312	0.8603499	0.00070425381	
S00011.rect_fem.KL                     	0.83310491	0.83328051	0.0078100925	
S00011.rect_fem.L0                     	0.8184853	0.81889396	0.0025365624	
S00011.hamstrings.KL                   	0.92187	0.9144347	0.0042417722	
S00011.hamstrings.L0                   	0.80638951	0.80337201	0.0012391139	
S00011.hamstrings.KV                   	0.18731394	0.18672454	0.00093726945	
S00011.hamstrings-gastroc.KF           	0.22868213	0.23033848	0.0039763429	
S00011.hamstrings-gastroc.F0           	0.14069279	0.13984578	0.0009239518	
S00011.bifemsh.KL                      	0.90260983	0.91037777	0.0043494615	
S00011.bifemsh.L0                      	1.0715373	1.0736345	0.0036978803	
S00011.bifemsh.KV                      	0.085981706	0.085371183	0.00098087035	
S00011.bifemsh-gastroc.KF              	0.97948241	0.98677473	0.0050780813	
S00011.bifemsh-gastroc.F0              	0.12996094	0.13050732	0.0010085331	
S00011.glut_max.KL                     	0.2708331	0.25764137	0.0066460805	
S00011.glut_max.L0                     	0.81834632	0.81908667	0.0027802752	
S00011.glut_med.KV                     	0.34096749	0.34269839	0.0022620624	
S00011.add_mag.KL                      	1.2796408	1.2820274	0.0039758265	
S00011.add_mag.L0                      	0.70749704	0.70509376	0.0010365475	
S00011.add_mag.KV                      	0.1815128	0.1809712	0.00039465582	
S00011.add_mag-pelvis_list.KP          	-0.5335983	-0.53215673	0.0010641564	
S00011.add_mag-pelvis_list.KV          	-0.028926598	-0.028827758	0.00031924433	
S11100.iliopsoas.KL                    	1.0693446	1.0692608	0.0013586662	
S11100.iliopsoas.L0                    	0.65398665	0.65392971	0.0010574338	
S11100.rect_fem.KL                     	0.65197997	0.653879	0.0028027611	
S11100.rect_fem.L0                     	1.1879818	1.1888614	0.0045881534	
S11100.iliopsoas-pelvis_tilt.KP        	0.25222432	0.26035181	0.0065928236	
S11100.iliopsoas-hamstrings.KL         	-2.5334736	-2.5308369	0.0031685932	
S11100.iliopsoas-hamstrings.L0         	0.73433727	0.73339016	0.00099816738	
S11100.hamstrings.KL                   	1.0089311	1.0111911	0.001600466	
S11100.hamstrings.L0                   	1.3415024	1.3373133	0.0064915637	
S11100.hamstrings.KV                   	0.027077196	0.026338336	0.0010131508	
S11100.bifemsh.KF                      	0.1485537	0.14560566	0.0026318322	
S11100.glut_max.KL                     	1.0741848	1.0723172	0.0012637005	
S11100.glut_max.L0                     	1.0626894	1.061821	0.0011741482	
S11100.glut_med-femur_o.KP             	0.32231935	0.32196747	0.0004718949	
S11100.glut_med-femur_o.KV             	0.10331585	0.10285561	0.00040561509	
S11100.glut_med-femur_o.C0             	-0.029927335	-0.030028704	0.00037884516	
S11100.add_mag-femur_o.KP              	-0.64029834	-0.6377226	0.0021067068	
S11100.add_mag-femur_o.KV              	-0.28441598	-0.28455969	0.00040314145	
S11100.add_mag-femur_o.C0              	-0.0059068461	-0.00606731	0.00023609987	
lumbar_joints.lumbar_extension-torso.P0	-0.10757578	-0.10751974	7.7971661e-05	
lumbar_joints.lumbar_extension-torso.KP	183.60399	184.11849	0.62845743	
lumbar_joints.lumbar_extension-torso.KV	24.649071	24.798973	0.1250466	
lumbar_joints.lumbar_bending-torso.KP  	260.54965	260.05015	0.78614274	
lumbar_joints.lumbar_bending-torso.KV  	5.9210691	6.1193013	0.17348309	
lumbar_joints.lumbar_rotation-torso.KP 	240.87039	241.83665	0.86458524	
lumbar_joints.lumbar_rotation-torso.KV 	42.116878	42.062156	0.15412509	
rect_fem.c                             	0.92365812	0.9277159	0.0027387397	
rect_fem.L0                            	0.87558635	0.87520722	0.0002748174	
hamstrings.c                           	1.1454001	1.1469498	0.0024904479	
hamstrings.L0                          	0.96308794	0.96325794	0.00026995262	
glut_med.c                             	3.2112558	3.207993	0.0025633121	
glut_med.L0                            	0.73717242	0.73692297	0.0002693689	
